10035 mm 司马五 0 17555555555 25763.57 24 35
10034 mm 司马四 0 17544444444 24061.57 24 34
10033 mm 司马三 0 17533333333 23921.67 24 34
10032 mm 司马二 0 17522222222 17965.77 24 47
10031 mm 司马一 0 17511111111 21794.81 24 39
10025 mm 陈五 0 17755555555 19472.91 24 39
10024 mm 陈四 0 17744444444 13168.94 24 39
10023 mm 陈三 0 17733333333 12830.03 24 39
10022 mm 陈二 1 17722222222 15175.11 22 39
10021 mm 陈一 1 17711111111 17404.13 40 39
10015 mm 张五 0 15955555555 12381.22 24 21
10014 mm 张四 0 15944444444 10679.31 24 21
10013 mm 张三 0 15933333333 10939.37 22 21
10012 mm 张二 1 15922222222 10884.43 22 21
10011 mm 张一 0 15911111111 6692.58 22 21
10005 mm 王五 1 13255555555 9890.60 22 34
10004 mm 王四 1 13244444444 10286.66 22 34
10003 mm 王三 1 13233333333 8146.71 22 34
10002 mm 王二 1 13222222222 9240.83 22 36
10001 mm 王一 1 13211111111 16703.14 34 37
