100 6697.66 2020/06/10/16:00:43 10001
100 6797.66 2020/06/10/16:02:18 10002
100 6897.66 2020/06/10/16:03:36 10003
100 6997.66 2020/06/10/16:05:00 10004
100 7097.66 2020/06/10/16:05:52 10005
100 7197.66 2020/06/10/16:24:08 10011
100 7297.66 2020/06/10/16:24:36 10012
100 7397.66 2020/06/10/16:25:41 10013
100 7497.66 2020/06/10/16:31:38 10013
100 7597.66 2020/06/10/16:38:11 10021
100 7697.66 2020/06/10/16:44:14 10022
100 7797.66 2020/06/10/16:45:15 10023
100 7897.66 2020/06/10/16:48:59 10023
100 7997.66 2020/06/10/16:51:18 10024
100 8097.66 2020/06/10/16:54:09 10025
100 8197.66 2020/06/10/16:55:07 10031
100 8297.66 2020/06/10/16:56:12 10032
100 8397.66 2020/06/10/16:57:12 10015
100 8497.66 2020/06/10/16:58:19 10014
100 8597.66 2020/06/10/16:59:13 10033
100 8697.66 2020/06/10/17:00:02 10034
-100 10897.7 2020/06/10/17:00:39 10001
-100 10797.7 2020/06/10/17:00:41 10002
-100 10697.7 2020/06/10/17:00:43 10003
-100 10597.7 2020/06/10/17:00:45 10004
-100 10497.7 2020/06/10/17:00:47 10005
-100 10397.7 2020/06/10/17:00:48 10011
-100 10297.7 2020/06/10/17:00:50 10012
-100 10197.7 2020/06/10/17:00:52 10013
-100 10097.7 2020/06/10/17:00:54 10014
-100 9997.66 2020/06/10/17:00:56 10015
-100 9897.66 2020/06/10/17:00:57 10021
-100 9797.66 2020/06/10/17:00:59 10022
-100 9697.66 2020/06/10/17:01:01 10023
-100 9597.66 2020/06/10/17:01:03 10024
-100 9497.66 2020/06/10/17:01:05 10025
-100 9397.66 2020/06/10/17:01:06 10031
-100 9297.66 2020/06/10/17:01:08 10032
-100 9197.66 2020/06/10/17:01:10 10033
-100 9097.66 2020/06/10/17:01:12 10034
100 6697.66 2020/06/10/16:00:42 10001
100 6797.66 2020/06/10/16:02:18 10002
100 6897.66 2020/06/10/16:03:36 10003
100 6997.66 2020/06/10/16:05:00 10004
100 7097.66 2020/06/10/16:05:52 10005
100 7197.66 2020/06/10/16:24:08 10011
100 7297.66 2020/06/10/16:24:36 10012
100 7397.66 2020/06/10/16:25:41 10013
100 7497.66 2020/06/10/16:31:36 10013
100 7597.66 2020/06/10/16:38:09 10021
100 7697.66 2020/06/10/16:44:12 10022
100 7797.66 2020/06/10/16:45:13 10023
100 7897.66 2020/06/10/16:48:57 10023
100 7997.66 2020/06/10/16:51:16 10024
100 8097.66 2020/06/10/16:53:02 10025
100 8197.66 2020/06/10/16:54:08 10025
100 8297.66 2020/06/10/16:55:05 10031
100 8397.66 2020/06/10/16:56:11 10032
100 8497.66 2020/06/10/16:57:10 10015
100 8597.66 2020/06/10/16:58:17 10014
100 8697.66 2020/06/10/16:59:11 10033
-100 10897.7 2020/06/10/16:59:30 10001
-100 10797.7 2020/06/10/16:59:32 10002
-100 10697.7 2020/06/10/16:59:34 10003
-100 10597.7 2020/06/10/16:59:35 10004
-100 10497.7 2020/06/10/16:59:37 10005
-100 10397.7 2020/06/10/16:59:39 10011
-100 10297.7 2020/06/10/16:59:41 10012
-100 10197.7 2020/06/10/16:59:42 10013
-100 10097.7 2020/06/10/16:59:44 10014
-100 9997.66 2020/06/10/16:59:46 10015
-100 9897.66 2020/06/10/16:59:48 10021
-100 9797.66 2020/06/10/16:59:50 10022
-100 9697.66 2020/06/10/16:59:51 10023
-100 9597.66 2020/06/10/16:59:53 10024
-100 9497.66 2020/06/10/16:59:55 10025
-100 9397.66 2020/06/10/16:59:57 10031
-100 9297.66 2020/06/10/16:59:59 10032
-100 9197.66 2020/06/10/17:00:00 10033
-100 9097.66 2020/06/10/17:00:02 10035
100 9197.66 2020/06/10/17:01:12 10035
100 6697.66 2020/06/10/16:00:42 10001
100 6797.66 2020/06/10/16:02:17 10002
100 6897.66 2020/06/10/16:03:35 10003
100 6997.66 2020/06/10/16:05:00 10004
100 7097.66 2020/06/10/16:05:51 10005
100 7197.66 2020/06/10/16:24:08 10011
100 7297.66 2020/06/10/16:24:36 10012
100 7397.66 2020/06/10/16:25:40 10013
100 7497.66 2020/06/10/16:31:34 10013
100 7597.66 2020/06/10/16:38:07 10021
100 7697.66 2020/06/10/16:44:10 10022
100 7797.66 2020/06/10/16:45:12 10023
100 7897.66 2020/06/10/16:48:55 10023
100 7997.66 2020/06/10/16:51:15 10024
100 8097.66 2020/06/10/16:53:00 10025
100 8197.66 2020/06/10/16:54:06 10025
100 8297.66 2020/06/10/16:55:04 10031
100 8397.66 2020/06/10/16:56:09 10032
100 8497.66 2020/06/10/16:57:08 10015
100 8597.66 2020/06/10/16:58:16 10014
-100 10797.7 2020/06/10/16:58:41 10001
-100 10697.7 2020/06/10/16:58:43 10002
-100 10597.7 2020/06/10/16:58:44 10003
-100 10497.7 2020/06/10/16:58:46 10004
-100 10397.7 2020/06/10/16:58:48 10005
-100 10297.7 2020/06/10/16:58:50 10011
-100 10197.7 2020/06/10/16:58:52 10012
-100 10097.7 2020/06/10/16:58:53 10013
-100 9997.66 2020/06/10/16:58:55 10014
-100 9897.66 2020/06/10/16:58:57 10015
-100 9797.66 2020/06/10/16:58:59 10021
-100 9697.66 2020/06/10/16:59:01 10022
-100 9597.66 2020/06/10/16:59:02 10023
-100 9497.66 2020/06/10/16:59:04 10024
-100 9397.66 2020/06/10/16:59:06 10025
-100 9297.66 2020/06/10/16:59:08 10031
-100 9197.66 2020/06/10/16:59:09 10032
-100 9097.66 2020/06/10/16:59:11 10034
-100 8997.66 2020/06/10/16:59:13 10035
100 9097.66 2020/06/10/17:00:00 10034
100 9197.66 2020/06/10/17:01:10 10035
100 6697.66 2020/06/10/16:00:42 10001
100 6797.66 2020/06/10/16:02:17 10002
100 6897.66 2020/06/10/16:03:35 10003
100 6997.66 2020/06/10/16:05:00 10004
100 7097.66 2020/06/10/16:05:51 10005
100 7197.66 2020/06/10/16:24:08 10011
100 7297.66 2020/06/10/16:24:36 10012
100 7397.66 2020/06/10/16:25:40 10013
100 7497.66 2020/06/10/16:31:32 10013
100 7597.66 2020/06/10/16:38:05 10021
100 7697.66 2020/06/10/16:44:08 10022
100 7797.66 2020/06/10/16:45:10 10023
100 7897.66 2020/06/10/16:48:53 10023
100 7997.66 2020/06/10/16:51:13 10024
100 8097.66 2020/06/10/16:52:58 10025
100 8197.66 2020/06/10/16:54:04 10025
100 8297.66 2020/06/10/16:55:02 10031
-100 10497.7 2020/06/10/16:55:40 10001
-100 10397.7 2020/06/10/16:55:42 10002
-100 10297.7 2020/06/10/16:55:44 10003
-100 10197.7 2020/06/10/16:55:45 10004
-100 10097.7 2020/06/10/16:55:47 10005
-100 9997.66 2020/06/10/16:55:49 10011
-100 9897.66 2020/06/10/16:55:51 10012
-100 9797.66 2020/06/10/16:55:53 10013
-100 9697.66 2020/06/10/16:55:54 10014
-100 9597.66 2020/06/10/16:55:56 10015
-100 9497.66 2020/06/10/16:55:58 10021
-100 9397.66 2020/06/10/16:56:00 10022
-100 9297.66 2020/06/10/16:56:01 10023
-100 9197.66 2020/06/10/16:56:03 10024
-100 9097.66 2020/06/10/16:56:05 10025
-100 8997.66 2020/06/10/16:56:07 10031
-100 8897.66 2020/06/10/16:56:09 10033
-100 8797.66 2020/06/10/16:56:11 10034
-100 8697.66 2020/06/10/16:56:12 10035
100 8797.66 2020/06/10/16:57:06 10015
100 8897.66 2020/06/10/16:58:14 10014
100 8997.66 2020/06/10/16:59:09 10033
100 9097.66 2020/06/10/16:59:59 10034
100 9197.66 2020/06/10/17:01:08 10035
100 6697.66 2020/06/10/16:00:42 10001
100 6797.66 2020/06/10/16:02:17 10002
100 6897.66 2020/06/10/16:03:35 10003
100 6997.66 2020/06/10/16:04:59 10004
100 7097.66 2020/06/10/16:05:51 10005
100 7197.66 2020/06/10/16:24:07 10011
100 7297.66 2020/06/10/16:24:35 10012
100 7397.66 2020/06/10/16:25:40 10013
100 7497.66 2020/06/10/16:31:31 10013
100 7597.66 2020/06/10/16:38:04 10021
100 7697.66 2020/06/10/16:44:07 10022
100 7797.66 2020/06/10/16:45:08 10023
100 7897.66 2020/06/10/16:48:51 10023
100 7997.66 2020/06/10/16:51:11 10024
100 8097.66 2020/06/10/16:52:56 10025
100 8197.66 2020/06/10/16:54:02 10025
-100 10397.7 2020/06/10/16:54:35 10001
-100 10297.7 2020/06/10/16:54:37 10002
-100 10197.7 2020/06/10/16:54:38 10003
-100 10097.7 2020/06/10/16:54:40 10004
-100 9997.66 2020/06/10/16:54:42 10005
-100 9897.66 2020/06/10/16:54:44 10011
-100 9797.66 2020/06/10/16:54:46 10012
-100 9697.66 2020/06/10/16:54:47 10013
-100 9597.66 2020/06/10/16:54:49 10014
-100 9497.66 2020/06/10/16:54:51 10015
-100 9397.66 2020/06/10/16:54:53 10021
-100 9297.66 2020/06/10/16:54:55 10022
-100 9197.66 2020/06/10/16:54:56 10023
-100 9097.66 2020/06/10/16:54:58 10024
-100 8997.66 2020/06/10/16:55:00 10025
-100 8897.66 2020/06/10/16:55:02 10032
-100 8797.66 2020/06/10/16:55:04 10033
-100 8697.66 2020/06/10/16:55:05 10034
-100 8597.66 2020/06/10/16:55:07 10035
100 8697.66 2020/06/10/16:56:07 10032
100 8797.66 2020/06/10/16:57:04 10015
100 8897.66 2020/06/10/16:58:12 10014
100 8997.66 2020/06/10/16:59:08 10033
100 9097.66 2020/06/10/16:59:57 10034
100 9197.66 2020/06/10/17:01:06 10035
100 16697.7 2020/06/10/16:00:41 10001
100 16797.7 2020/06/10/16:02:17 10002
100 16897.7 2020/06/10/16:03:35 10003
100 16997.7 2020/06/10/16:04:59 10004
100 17097.7 2020/06/10/16:05:50 10005
100 17197.7 2020/06/10/16:24:07 10011
100 17297.7 2020/06/10/16:24:35 10012
100 17397.7 2020/06/10/16:25:40 10013
100 17497.7 2020/06/10/16:31:29 10013
100 17597.7 2020/06/10/16:38:02 10021
100 17697.7 2020/06/10/16:44:05 10022
100 17797.7 2020/06/10/16:45:06 10023
100 17897.7 2020/06/10/16:48:50 10023
100 17997.7 2020/06/10/16:51:09 10024
-100 20197.7 2020/06/10/16:52:31 10001
-100 20097.7 2020/06/10/16:52:33 10002
-100 19997.7 2020/06/10/16:52:35 10003
-100 19897.7 2020/06/10/16:52:36 10004
-100 19797.7 2020/06/10/16:52:38 10005
-100 19697.7 2020/06/10/16:52:40 10011
-100 19597.7 2020/06/10/16:52:42 10012
-100 19497.7 2020/06/10/16:52:44 10013
-100 19397.7 2020/06/10/16:52:45 10014
-100 19297.7 2020/06/10/16:52:47 10015
-100 19197.7 2020/06/10/16:52:49 10021
-100 19097.7 2020/06/10/16:52:51 10022
-100 18997.7 2020/06/10/16:52:53 10023
-100 18897.7 2020/06/10/16:52:54 10024
-100 18797.7 2020/06/10/16:52:56 10031
-100 18697.7 2020/06/10/16:52:58 10032
-100 18597.7 2020/06/10/16:53:00 10033
-100 18497.7 2020/06/10/16:53:02 10034
-100 20697.7 2020/06/10/16:53:37 10001
-100 20597.7 2020/06/10/16:53:39 10002
-100 20497.7 2020/06/10/16:53:41 10003
-100 20397.7 2020/06/10/16:53:42 10004
-100 20297.7 2020/06/10/16:53:44 10005
-100 20197.7 2020/06/10/16:53:46 10011
-100 20097.7 2020/06/10/16:53:48 10012
-100 19997.7 2020/06/10/16:53:49 10013
-100 19897.7 2020/06/10/16:53:51 10014
-100 19797.7 2020/06/10/16:53:53 10015
-100 19697.7 2020/06/10/16:53:55 10021
-100 19597.7 2020/06/10/16:53:57 10022
-100 19497.7 2020/06/10/16:53:58 10023
-100 19397.7 2020/06/10/16:54:00 10024
-100 19297.7 2020/06/10/16:54:02 10031
-100 19197.7 2020/06/10/16:54:04 10032
-100 19097.7 2020/06/10/16:54:06 10033
-100 18997.7 2020/06/10/16:54:08 10034
-100 18897.7 2020/06/10/16:54:09 10035
100 18997.7 2020/06/10/16:55:00 10031
100 19097.7 2020/06/10/16:56:05 10032
100 19197.7 2020/06/10/16:57:03 10015
100 19297.7 2020/06/10/16:58:10 10014
100 19397.7 2020/06/10/16:59:06 10033
100 19497.7 2020/06/10/16:59:55 10034
100 19597.7 2020/06/10/17:01:05 10035
100 16697.7 2020/06/10/16:00:41 10001
100 16797.7 2020/06/10/16:02:16 10002
100 16897.7 2020/06/10/16:03:34 10003
100 16997.7 2020/06/10/16:04:59 10004
100 17097.7 2020/06/10/16:05:50 10005
100 17197.7 2020/06/10/16:24:07 10011
100 17297.7 2020/06/10/16:24:35 10012
100 17397.7 2020/06/10/16:25:39 10013
100 17497.7 2020/06/10/16:31:27 10013
100 17597.7 2020/06/10/16:38:00 10021
100 17697.7 2020/06/10/16:44:03 10022
100 17797.7 2020/06/10/16:45:05 10023
-100 19997.7 2020/06/10/16:50:46 10001
-100 19897.7 2020/06/10/16:50:48 10002
-100 19797.7 2020/06/10/16:50:50 10003
-100 19697.7 2020/06/10/16:50:51 10004
-100 19597.7 2020/06/10/16:50:53 10005
-100 19497.7 2020/06/10/16:50:55 10011
-100 19397.7 2020/06/10/16:50:57 10012
-100 19297.7 2020/06/10/16:50:58 10013
-100 19197.7 2020/06/10/16:51:00 10014
-100 19097.7 2020/06/10/16:51:02 10015
-100 18997.7 2020/06/10/16:51:04 10021
-100 18897.7 2020/06/10/16:51:06 10022
-100 18797.7 2020/06/10/16:51:07 10023
-100 18697.7 2020/06/10/16:51:09 10025
-100 18597.7 2020/06/10/16:51:11 10031
-100 18497.7 2020/06/10/16:51:13 10032
-100 18397.7 2020/06/10/16:51:15 10033
-100 18297.7 2020/06/10/16:51:16 10034
-100 18197.7 2020/06/10/16:51:18 10035
100 18297.7 2020/06/10/16:52:54 10025
100 18397.7 2020/06/10/16:54:00 10025
100 18497.7 2020/06/10/16:54:58 10031
100 18597.7 2020/06/10/16:56:03 10032
100 18697.7 2020/06/10/16:57:01 10015
100 18797.7 2020/06/10/16:58:08 10014
100 18897.7 2020/06/10/16:59:04 10033
100 18997.7 2020/06/10/16:59:53 10034
100 19097.7 2020/06/10/17:01:03 10035
100 16697.7 2020/06/10/16:00:41 10001
100 16797.7 2020/06/10/16:02:16 10002
100 16897.7 2020/06/10/16:03:34 10003
100 16997.7 2020/06/10/16:04:59 10004
100 17097.7 2020/06/10/16:05:50 10005
100 17197.7 2020/06/10/16:24:07 10011
100 17297.7 2020/06/10/16:24:35 10012
100 17397.7 2020/06/10/16:25:39 10013
100 17497.7 2020/06/10/16:31:25 10013
100 17597.7 2020/06/10/16:37:58 10021
100 17697.7 2020/06/10/16:44:01 10022
-100 19897.7 2020/06/10/16:44:45 10001
-100 19797.7 2020/06/10/16:44:46 10002
-100 19697.7 2020/06/10/16:44:48 10003
-100 19597.7 2020/06/10/16:44:50 10004
-100 19497.7 2020/06/10/16:44:52 10005
-100 19397.7 2020/06/10/16:44:54 10011
-100 19297.7 2020/06/10/16:44:55 10012
-100 19197.7 2020/06/10/16:44:57 10013
-100 19097.7 2020/06/10/16:44:59 10014
-100 18997.7 2020/06/10/16:45:01 10021
-100 18897.7 2020/06/10/16:45:03 10022
-100 18797.7 2020/06/10/16:45:05 10024
-100 18697.7 2020/06/10/16:45:06 10025
-100 18597.7 2020/06/10/16:45:08 10031
-100 18497.7 2020/06/10/16:45:10 10032
-100 18397.7 2020/06/10/16:45:12 10033
-100 18297.7 2020/06/10/16:45:13 10034
-100 18197.7 2020/06/10/16:45:15 10035
-100 20397.7 2020/06/10/16:48:28 10001
-100 20297.7 2020/06/10/16:48:30 10002
-100 20197.7 2020/06/10/16:48:32 10003
-100 20097.7 2020/06/10/16:48:33 10004
-100 19997.7 2020/06/10/16:48:35 10005
-100 19897.7 2020/06/10/16:48:37 10011
-100 19797.7 2020/06/10/16:48:39 10012
-100 19697.7 2020/06/10/16:48:40 10013
-100 19597.7 2020/06/10/16:48:42 10014
-100 19497.7 2020/06/10/16:48:44 10015
-100 19397.7 2020/06/10/16:48:46 10021
-100 19297.7 2020/06/10/16:48:48 10022
-100 19197.7 2020/06/10/16:48:50 10025
-100 19097.7 2020/06/10/16:48:51 10031
-100 18997.7 2020/06/10/16:48:53 10032
-100 18897.7 2020/06/10/16:48:55 10033
-100 18797.7 2020/06/10/16:48:57 10034
-100 18697.7 2020/06/10/16:48:59 10035
100 18797.7 2020/06/10/16:51:07 10024
100 18897.7 2020/06/10/16:52:53 10025
100 18997.7 2020/06/10/16:53:58 10025
100 19097.7 2020/06/10/16:54:56 10031
100 19197.7 2020/06/10/16:56:01 10032
100 19297.7 2020/06/10/16:56:59 10015
100 19397.7 2020/06/10/16:58:07 10014
100 19497.7 2020/06/10/16:59:02 10033
100 19597.7 2020/06/10/16:59:51 10034
100 19697.7 2020/06/10/17:01:01 10035
100 10040.4 2020/06/10/16:00:41 10001
100 10140.4 2020/06/10/16:02:16 10002
100 10240.4 2020/06/10/16:03:34 10003
100 10340.4 2020/06/10/16:04:58 10004
100 10440.4 2020/06/10/16:05:50 10005
100 10540.4 2020/06/10/16:24:06 10011
100 10640.4 2020/06/10/16:24:34 10012
100 10740.4 2020/06/10/16:25:39 10013
100 10840.4 2020/06/10/16:31:23 10013
100 10940.4 2020/06/10/16:37:57 10021
-100 13140.4 2020/06/10/16:43:43 10001
-100 13040.4 2020/06/10/16:43:45 10002
-100 12940.4 2020/06/10/16:43:47 10003
-100 12840.4 2020/06/10/16:43:49 10004
-100 12740.4 2020/06/10/16:43:50 10005
-100 12640.4 2020/06/10/16:43:52 10011
-100 12540.4 2020/06/10/16:43:54 10012
-100 12440.4 2020/06/10/16:43:56 10013
-100 12340.4 2020/06/10/16:43:58 10014
-100 12240.4 2020/06/10/16:43:59 10021
-100 12140.4 2020/06/10/16:44:01 10023
-100 12040.4 2020/06/10/16:44:03 10024
-100 11940.4 2020/06/10/16:44:05 10025
-100 11840.4 2020/06/10/16:44:07 10031
-100 11740.4 2020/06/10/16:44:08 10032
-100 11640.4 2020/06/10/16:44:10 10033
-100 11540.4 2020/06/10/16:44:12 10034
-100 11440.4 2020/06/10/16:44:14 10035
100 11540.4 2020/06/10/16:45:03 10023
100 11640.4 2020/06/10/16:48:48 10023
100 11740.4 2020/06/10/16:51:06 10024
100 11840.4 2020/06/10/16:52:51 10025
100 11940.4 2020/06/10/16:53:57 10025
100 12040.4 2020/06/10/16:54:55 10031
100 12140.4 2020/06/10/16:56:00 10032
100 12240.4 2020/06/10/16:56:57 10015
100 12340.4 2020/06/10/16:58:05 10014
100 12440.4 2020/06/10/16:59:01 10033
100 12540.4 2020/06/10/16:59:50 10034
100 12640.4 2020/06/10/17:00:59 10035
100 76076.6 2020/06/10/16:00:40 10001
100 76176.6 2020/06/10/16:02:16 10002
100 76276.6 2020/06/10/16:03:34 10003
100 76376.6 2020/06/10/16:04:58 10004
100 76476.6 2020/06/10/16:05:49 10005
100 76576.6 2020/06/10/16:24:06 10011
100 76676.6 2020/06/10/16:24:34 10012
100 76776.6 2020/06/10/16:25:39 10013
100 76876.6 2020/06/10/16:31:22 10013
-100 79076.6 2020/06/10/16:37:40 10001
-100 78976.6 2020/06/10/16:37:42 10002
-100 78876.6 2020/06/10/16:37:44 10003
-100 78776.6 2020/06/10/16:37:46 10004
-100 78676.6 2020/06/10/16:37:47 10005
-100 78576.6 2020/06/10/16:37:49 10011
-100 78476.6 2020/06/10/16:37:51 10012
-100 78376.6 2020/06/10/16:37:53 10013
-100 78276.6 2020/06/10/16:37:55 10014
-100 78176.6 2020/06/10/16:37:57 10022
-100 78076.6 2020/06/10/16:37:58 10023
-100 77976.6 2020/06/10/16:38:00 10024
-100 77876.6 2020/06/10/16:38:02 10025
-100 77776.6 2020/06/10/16:38:04 10031
-100 77676.6 2020/06/10/16:38:05 10032
-100 77576.6 2020/06/10/16:38:07 10033
-100 77476.6 2020/06/10/16:38:09 10034
-100 77376.6 2020/06/10/16:38:11 10035
100 77476.6 2020/06/10/16:43:59 10022
100 77576.6 2020/06/10/16:45:01 10023
100 77676.6 2020/06/10/16:48:46 10023
100 77776.6 2020/06/10/16:51:04 10024
100 77876.6 2020/06/10/16:52:49 10025
100 77976.6 2020/06/10/16:53:55 10025
100 78076.6 2020/06/10/16:54:53 10031
100 78176.6 2020/06/10/16:55:58 10032
100 78276.6 2020/06/10/16:56:55 10015
100 78376.6 2020/06/10/16:58:03 10014
100 78476.6 2020/06/10/16:58:59 10033
100 78576.6 2020/06/10/16:59:48 10034
100 78676.6 2020/06/10/17:00:57 10035
100 10092.3 2020/06/10/16:00:40 10001
100 10192.3 2020/06/10/16:02:15 10002
100 10292.3 2020/06/10/16:03:33 10003
100 10392.3 2020/06/10/16:04:58 10004
100 10492.3 2020/06/10/16:05:49 10005
100 10592.3 2020/06/10/16:24:06 10011
100 10692.3 2020/06/10/16:24:34 10012
100 10792.3 2020/06/10/16:25:38 10013
100 10892.3 2020/06/10/16:31:20 10013
100 10992.3 2020/06/10/16:48:44 10023
100 11092.3 2020/06/10/16:51:02 10024
100 11192.3 2020/06/10/16:52:47 10025
100 11292.3 2020/06/10/16:53:53 10025
100 11392.3 2020/06/10/16:54:51 10031
100 11492.3 2020/06/10/16:55:56 10032
-100 13692.3 2020/06/10/16:56:39 10001
-100 13592.3 2020/06/10/16:56:41 10002
-100 13492.3 2020/06/10/16:56:43 10003
-100 13392.3 2020/06/10/16:56:44 10004
-100 13292.3 2020/06/10/16:56:46 10005
-100 13192.3 2020/06/10/16:56:48 10011
-100 13092.3 2020/06/10/16:56:50 10012
-100 12992.3 2020/06/10/16:56:52 10013
-100 12892.3 2020/06/10/16:56:53 10014
-100 12792.3 2020/06/10/16:56:55 10021
-100 12692.3 2020/06/10/16:56:57 10022
-100 12592.3 2020/06/10/16:56:59 10023
-100 12492.3 2020/06/10/16:57:01 10024
-100 12392.3 2020/06/10/16:57:03 10025
-100 12292.3 2020/06/10/16:57:04 10031
-100 12192.3 2020/06/10/16:57:06 10032
-100 12092.3 2020/06/10/16:57:08 10033
-100 11992.3 2020/06/10/16:57:10 10034
-100 11892.3 2020/06/10/16:57:12 10035
100 11992.3 2020/06/10/16:58:01 10014
100 12092.3 2020/06/10/16:58:57 10033
100 12192.3 2020/06/10/16:59:46 10034
100 12292.3 2020/06/10/17:00:56 10035
100 10042.3 2020/06/10/16:00:40 10001
100 10142.3 2020/06/10/16:02:15 10002
100 10242.3 2020/06/10/16:03:33 10003
100 10342.3 2020/06/10/16:04:57 10004
100 10442.3 2020/06/10/16:05:49 10005
100 10542.3 2020/06/10/16:24:05 10011
100 10642.3 2020/06/10/16:24:34 10012
100 10742.3 2020/06/10/16:25:38 10013
100 10842.3 2020/06/10/16:37:55 10021
100 10942.3 2020/06/10/16:43:58 10022
100 11042.3 2020/06/10/16:44:59 10023
100 11142.3 2020/06/10/16:48:42 10023
100 11242.3 2020/06/10/16:51:00 10024
100 11342.3 2020/06/10/16:52:45 10025
100 11442.3 2020/06/10/16:53:51 10025
100 11542.3 2020/06/10/16:54:49 10031
100 11642.3 2020/06/10/16:55:54 10032
100 11742.3 2020/06/10/16:56:53 10015
-100 13942.3 2020/06/10/16:57:47 10001
-100 13842.3 2020/06/10/16:57:49 10002
-100 13742.3 2020/06/10/16:57:50 10003
-100 13642.3 2020/06/10/16:57:52 10004
-100 13542.3 2020/06/10/16:57:54 10005
-100 13442.3 2020/06/10/16:57:56 10011
-100 13342.3 2020/06/10/16:57:58 10012
-100 13242.3 2020/06/10/16:57:59 10013
-100 13142.3 2020/06/10/16:58:01 10015
-100 13042.3 2020/06/10/16:58:03 10021
-100 12942.3 2020/06/10/16:58:05 10022
-100 12842.3 2020/06/10/16:58:07 10023
-100 12742.3 2020/06/10/16:58:08 10024
-100 12642.3 2020/06/10/16:58:10 10025
-100 12542.3 2020/06/10/16:58:12 10031
-100 12442.3 2020/06/10/16:58:14 10032
-100 12342.3 2020/06/10/16:58:16 10033
-100 12242.3 2020/06/10/16:58:17 10034
-100 12142.3 2020/06/10/16:58:19 10035
100 12242.3 2020/06/10/16:58:55 10033
100 12342.3 2020/06/10/16:59:44 10034
100 12442.3 2020/06/10/17:00:54 10035
100 10756 2020/06/10/16:00:40 10001
100 10856 2020/06/10/16:02:15 10002
100 10956 2020/06/10/16:03:33 10003
100 11056 2020/06/10/16:04:57 10004
100 11156 2020/06/10/16:05:48 10005
100 11256 2020/06/10/16:24:05 10011
100 11356 2020/06/10/16:24:33 10012
-100 13556 2020/06/10/16:25:36 10001
-100 13456 2020/06/10/16:25:37 10002
-100 13356 2020/06/10/16:25:37 10003
-100 13256 2020/06/10/16:25:37 10004
-100 13156 2020/06/10/16:25:37 10011
-100 13056 2020/06/10/16:25:38 10012
-100 12956 2020/06/10/16:25:38 10014
-100 12856 2020/06/10/16:25:38 10015
-100 12756 2020/06/10/16:25:39 10021
-100 12656 2020/06/10/16:25:39 10022
-100 12556 2020/06/10/16:25:39 10023
-100 12456 2020/06/10/16:25:39 10024
-100 12356 2020/06/10/16:25:40 10025
-100 12256 2020/06/10/16:25:40 10031
-100 12156 2020/06/10/16:25:40 10032
-100 12056 2020/06/10/16:25:40 10033
-100 11956 2020/06/10/16:25:41 10034
-100 11856 2020/06/10/16:25:41 10035
-100 14056 2020/06/10/16:31:07 10001
-100 13956 2020/06/10/16:31:09 10002
-100 13856 2020/06/10/16:31:11 10003
-100 13756 2020/06/10/16:31:13 10004
-100 13656 2020/06/10/16:31:14 10005
-100 13556 2020/06/10/16:31:16 10011
-100 13456 2020/06/10/16:31:18 10012
-100 13356 2020/06/10/16:31:20 10015
-100 13256 2020/06/10/16:31:22 10021
-100 13156 2020/06/10/16:31:23 10022
-100 13056 2020/06/10/16:31:25 10023
-100 12956 2020/06/10/16:31:27 10024
-100 12856 2020/06/10/16:31:29 10025
-100 12756 2020/06/10/16:31:31 10031
-100 12656 2020/06/10/16:31:32 10032
-100 12556 2020/06/10/16:31:34 10033
-100 12456 2020/06/10/16:31:36 10034
-100 12356 2020/06/10/16:31:38 10035
100 12456 2020/06/10/16:37:53 10021
100 12556 2020/06/10/16:43:56 10022
100 12656 2020/06/10/16:44:57 10023
100 12756 2020/06/10/16:48:40 10023
100 12856 2020/06/10/16:50:58 10024
100 12956 2020/06/10/16:52:44 10025
100 13056 2020/06/10/16:53:49 10025
100 13156 2020/06/10/16:54:47 10031
100 13256 2020/06/10/16:55:53 10032
100 13356 2020/06/10/16:56:52 10015
100 13456 2020/06/10/16:57:59 10014
100 13556 2020/06/10/16:58:53 10033
100 13656 2020/06/10/16:59:42 10034
100 13756 2020/06/10/17:00:52 10035
100 10167.6 2020/06/10/16:00:39 10001
100 10267.6 2020/06/10/16:02:15 10002
100 10367.6 2020/06/10/16:03:33 10003
100 10467.6 2020/06/10/16:04:57 10004
100 10567.6 2020/06/10/16:05:48 10005
100 10667.6 2020/06/10/16:24:05 10011
-100 12867.6 2020/06/10/16:24:32 10001
-100 12767.6 2020/06/10/16:24:32 10002
-100 12667.6 2020/06/10/16:24:32 10003
-100 12567.6 2020/06/10/16:24:33 10004
-100 12467.6 2020/06/10/16:24:33 10011
-100 12367.6 2020/06/10/16:24:33 10013
-100 12267.6 2020/06/10/16:24:34 10014
-100 12167.6 2020/06/10/16:24:34 10015
-100 12067.6 2020/06/10/16:24:34 10021
-100 11967.6 2020/06/10/16:24:34 10022
-100 11867.6 2020/06/10/16:24:35 10023
-100 11767.6 2020/06/10/16:24:35 10024
-100 11667.6 2020/06/10/16:24:35 10025
-100 11567.6 2020/06/10/16:24:35 10031
-100 11467.6 2020/06/10/16:24:36 10032
-100 11367.6 2020/06/10/16:24:36 10033
-100 11267.6 2020/06/10/16:24:36 10034
-100 11167.6 2020/06/10/16:24:36 10035
100 11267.6 2020/06/10/16:25:38 10013
100 11367.6 2020/06/10/16:31:18 10013
100 11467.6 2020/06/10/16:37:51 10021
100 11567.6 2020/06/10/16:43:54 10022
100 11667.6 2020/06/10/16:44:55 10023
100 11767.6 2020/06/10/16:48:39 10023
100 11867.6 2020/06/10/16:50:57 10024
100 11967.6 2020/06/10/16:52:42 10025
100 12067.6 2020/06/10/16:53:48 10025
100 12167.6 2020/06/10/16:54:46 10031
100 12267.6 2020/06/10/16:55:51 10032
100 12367.6 2020/06/10/16:56:50 10015
100 12467.6 2020/06/10/16:57:58 10014
100 12567.6 2020/06/10/16:58:52 10033
100 12667.6 2020/06/10/16:59:41 10034
100 12767.6 2020/06/10/17:00:50 10035
100 10093 2020/06/10/16:00:29 10001
100 10193 2020/06/10/16:02:14 10002
100 10293 2020/06/10/16:03:32 10003
100 10393 2020/06/10/16:04:57 10004
100 10493 2020/06/10/16:05:48 10005
-100 12693 2020/06/10/16:24:04 10001
-100 12593 2020/06/10/16:24:04 10002
-100 12493 2020/06/10/16:24:04 10003
-100 12393 2020/06/10/16:24:04 10004
-100 12293 2020/06/10/16:24:05 10012
-100 12193 2020/06/10/16:24:05 10013
-100 12093 2020/06/10/16:24:05 10014
-100 11993 2020/06/10/16:24:06 10015
-100 11893 2020/06/10/16:24:06 10021
-100 11793 2020/06/10/16:24:06 10022
-100 11693 2020/06/10/16:24:07 10023
-100 11593 2020/06/10/16:24:07 10024
-100 11493 2020/06/10/16:24:07 10025
-100 11393 2020/06/10/16:24:07 10031
-100 11293 2020/06/10/16:24:08 10032
-100 11193 2020/06/10/16:24:08 10033
-100 11093 2020/06/10/16:24:08 10034
-100 10993 2020/06/10/16:24:08 10035
100 11093 2020/06/10/16:24:33 10012
100 11193 2020/06/10/16:25:37 10013
100 11293 2020/06/10/16:31:16 10013
100 11393 2020/06/10/16:37:49 10021
100 11493 2020/06/10/16:43:52 10022
100 11593 2020/06/10/16:44:54 10023
100 11693 2020/06/10/16:48:37 10023
100 11793 2020/06/10/16:50:55 10024
100 11893 2020/06/10/16:52:40 10025
100 11993 2020/06/10/16:53:46 10025
100 12093 2020/06/10/16:54:44 10031
100 12193 2020/06/10/16:55:49 10032
100 12293 2020/06/10/16:56:48 10015
100 12393 2020/06/10/16:57:56 10014
100 12493 2020/06/10/16:58:50 10033
100 12593 2020/06/10/16:59:39 10034
100 12693 2020/06/10/17:00:48 10035
100 10002.3 2020/06/10/16:00:27 10001
100 10102.3 2020/06/10/16:02:14 10002
100 10202.3 2020/06/10/16:03:32 10003
100 10302.3 2020/06/10/16:04:56 10004
-100 12502.3 2020/06/10/16:05:47 10001
-100 12402.3 2020/06/10/16:05:47 10002
-100 12302.3 2020/06/10/16:05:47 10003
-100 12202.3 2020/06/10/16:05:48 10004
-100 12102.3 2020/06/10/16:05:48 10011
-100 12002.3 2020/06/10/16:05:48 10012
-100 11902.3 2020/06/10/16:05:48 10013
-100 11802.3 2020/06/10/16:05:49 10014
-100 11702.3 2020/06/10/16:05:49 10015
-100 11602.3 2020/06/10/16:05:49 10021
-100 11502.3 2020/06/10/16:05:50 10022
-100 11402.3 2020/06/10/16:05:50 10023
-100 11302.3 2020/06/10/16:05:50 10024
-100 11202.3 2020/06/10/16:05:50 10025
-100 11102.3 2020/06/10/16:05:51 10031
-100 11002.3 2020/06/10/16:05:51 10032
-100 10902.3 2020/06/10/16:05:51 10033
-100 10802.3 2020/06/10/16:05:52 10034
-100 10702.3 2020/06/10/16:05:52 10035
100 10802.3 2020/06/10/16:31:14 10013
100 10902.3 2020/06/10/16:37:47 10021
100 11002.3 2020/06/10/16:43:50 10022
100 11102.3 2020/06/10/16:44:52 10023
100 11202.3 2020/06/10/16:48:35 10023
100 11302.3 2020/06/10/16:50:53 10024
100 11402.3 2020/06/10/16:52:38 10025
100 11502.3 2020/06/10/16:53:44 10025
100 11602.3 2020/06/10/16:54:42 10031
100 11702.3 2020/06/10/16:55:47 10032
100 11802.3 2020/06/10/16:56:46 10015
100 11902.3 2020/06/10/16:57:54 10014
100 12002.3 2020/06/10/16:58:48 10033
100 12102.3 2020/06/10/16:59:37 10034
100 12202.3 2020/06/10/17:00:47 10035
100 16997.7 2020/06/10/16:00:24 10001
100 17097.7 2020/06/10/16:02:14 10002
100 17197.7 2020/06/10/16:03:32 10003
-100 19397.7 2020/06/10/16:04:56 10001
-100 19297.7 2020/06/10/16:04:56 10002
-100 19197.7 2020/06/10/16:04:56 10003
-100 19097.7 2020/06/10/16:04:56 10005
-100 18997.7 2020/06/10/16:04:57 10011
-100 18897.7 2020/06/10/16:04:57 10012
-100 18797.7 2020/06/10/16:04:57 10013
-100 18697.7 2020/06/10/16:04:57 10014
-100 18597.7 2020/06/10/16:04:58 10015
-100 18497.7 2020/06/10/16:04:58 10021
-100 18397.7 2020/06/10/16:04:58 10022
-100 18297.7 2020/06/10/16:04:59 10023
-100 18197.7 2020/06/10/16:04:59 10024
-100 18097.7 2020/06/10/16:04:59 10025
-100 17997.7 2020/06/10/16:04:59 10031
-100 17897.7 2020/06/10/16:05:00 10032
-100 17797.7 2020/06/10/16:05:00 10033
-100 17697.7 2020/06/10/16:05:00 10034
-100 17597.7 2020/06/10/16:05:00 10035
100 17697.7 2020/06/10/16:05:48 10005
100 17797.7 2020/06/10/16:24:04 10011
100 17897.7 2020/06/10/16:24:33 10012
100 17997.7 2020/06/10/16:25:37 10013
100 18097.7 2020/06/10/16:31:13 10013
100 18197.7 2020/06/10/16:37:46 10021
100 18297.7 2020/06/10/16:43:49 10022
100 18397.7 2020/06/10/16:44:50 10023
100 18497.7 2020/06/10/16:48:33 10023
100 18597.7 2020/06/10/16:50:51 10024
100 18697.7 2020/06/10/16:52:36 10025
100 18797.7 2020/06/10/16:53:42 10025
100 18897.7 2020/06/10/16:54:40 10031
100 18997.7 2020/06/10/16:55:45 10032
100 19097.7 2020/06/10/16:56:44 10015
100 19197.7 2020/06/10/16:57:52 10014
100 19297.7 2020/06/10/16:58:46 10033
100 19397.7 2020/06/10/16:59:35 10034
100 19497.7 2020/06/10/17:00:45 10035
100 10100 2020/06/10/16:00:23 10001
100 10200 2020/06/10/16:02:14 10002
-100 12400 2020/06/10/16:03:31 10001
-100 12300 2020/06/10/16:03:32 10002
-100 12200 2020/06/10/16:03:32 10004
-100 12100 2020/06/10/16:03:32 10005
-100 12000 2020/06/10/16:03:32 10011
-100 11900 2020/06/10/16:03:33 10012
-100 11800 2020/06/10/16:03:33 10013
-100 11700 2020/06/10/16:03:33 10014
-100 11600 2020/06/10/16:03:33 10015
-100 11500 2020/06/10/16:03:34 10021
-100 11400 2020/06/10/16:03:34 10022
-100 11300 2020/06/10/16:03:34 10023
-100 11200 2020/06/10/16:03:34 10024
-100 11100 2020/06/10/16:03:35 10025
-100 11000 2020/06/10/16:03:35 10031
-100 10900 2020/06/10/16:03:35 10032
-100 10800 2020/06/10/16:03:35 10033
-100 10700 2020/06/10/16:03:36 10034
-100 10600 2020/06/10/16:03:36 10035
100 10700 2020/06/10/16:04:56 10004
100 10800 2020/06/10/16:05:47 10005
100 10900 2020/06/10/16:24:04 10011
100 11000 2020/06/10/16:24:32 10012
100 11100 2020/06/10/16:25:37 10013
100 11200 2020/06/10/16:31:11 10013
100 11300 2020/06/10/16:37:44 10021
100 11400 2020/06/10/16:43:47 10022
100 11500 2020/06/10/16:44:48 10023
100 11600 2020/06/10/16:48:32 10023
100 11700 2020/06/10/16:50:50 10024
100 11800 2020/06/10/16:52:35 10025
100 11900 2020/06/10/16:53:41 10025
100 12000 2020/06/10/16:54:38 10031
100 12100 2020/06/10/16:55:44 10032
100 12200 2020/06/10/16:56:43 10015
100 12300 2020/06/10/16:57:50 10014
100 12400 2020/06/10/16:58:44 10033
100 12500 2020/06/10/16:59:34 10034
100 12600 2020/06/10/17:00:43 10035
100 10100 2020/06/10/15:45:24 10001
100 10200 2020/06/10/16:00:21 10001
-100 12400 2020/06/10/16:02:13 10001
-100 12300 2020/06/10/16:02:14 10003
-100 12200 2020/06/10/16:02:14 10004
-100 12100 2020/06/10/16:02:14 10005
-100 12000 2020/06/10/16:02:14 10011
-100 11900 2020/06/10/16:02:15 10012
-100 11800 2020/06/10/16:02:15 10013
-100 11700 2020/06/10/16:02:15 10014
-100 11600 2020/06/10/16:02:15 10015
-100 11500 2020/06/10/16:02:16 10021
-100 11400 2020/06/10/16:02:16 10022
-100 11300 2020/06/10/16:02:16 10023
-100 11200 2020/06/10/16:02:16 10024
-100 11100 2020/06/10/16:02:17 10025
-100 11000 2020/06/10/16:02:17 10031
-100 10900 2020/06/10/16:02:17 10032
-100 10800 2020/06/10/16:02:17 10033
-100 10700 2020/06/10/16:02:18 10034
-100 10600 2020/06/10/16:02:18 10035
100 10700 2020/06/10/16:03:32 10003
100 10800 2020/06/10/16:04:56 10004
100 10900 2020/06/10/16:05:47 10005
100 11000 2020/06/10/16:24:04 10011
100 11100 2020/06/10/16:24:32 10012
100 11200 2020/06/10/16:25:37 10013
100 11300 2020/06/10/16:31:09 10013
100 11400 2020/06/10/16:37:42 10021
100 11500 2020/06/10/16:43:45 10022
100 11600 2020/06/10/16:44:46 10023
100 11700 2020/06/10/16:48:30 10023
100 11800 2020/06/10/16:50:48 10024
100 11900 2020/06/10/16:52:33 10025
100 12000 2020/06/10/16:53:39 10025
100 12100 2020/06/10/16:54:37 10031
100 12200 2020/06/10/16:55:42 10032
100 12300 2020/06/10/16:56:41 10015
100 12400 2020/06/10/16:57:49 10014
100 12500 2020/06/10/16:58:43 10033
100 12600 2020/06/10/16:59:32 10034
100 12700 2020/06/10/17:00:41 10035
-100 12200 2020/06/10/15:45:24 10002
-100 30500 2020/06/10/16:00:21 10002
-100 30400 2020/06/10/16:00:23 10003
-100 30300 2020/06/10/16:00:24 10004
-100 30200 2020/06/10/16:00:27 10005
-100 30100 2020/06/10/16:00:29 10011
-100 30000 2020/06/10/16:00:39 10012
-100 29900 2020/06/10/16:00:40 10013
-100 29800 2020/06/10/16:00:40 10014
-100 29700 2020/06/10/16:00:40 10015
-100 29600 2020/06/10/16:00:40 10021
-100 29500 2020/06/10/16:00:41 10022
-100 29400 2020/06/10/16:00:41 10023
-100 29300 2020/06/10/16:00:41 10024
-100 29200 2020/06/10/16:00:41 10025
-100 29100 2020/06/10/16:00:42 10031
-100 29000 2020/06/10/16:00:42 10032
-100 28900 2020/06/10/16:00:42 10033
-100 28800 2020/06/10/16:00:42 10034
-100 28700 2020/06/10/16:00:43 10035
100 28800 2020/06/10/16:02:13 10002
100 28900 2020/06/10/16:03:31 10003
100 29000 2020/06/10/16:04:56 10004
100 29100 2020/06/10/16:05:47 10005
100 28203.2 2020/06/10/16:24:04 10011
100 28303.2 2020/06/10/16:24:32 10012
100 28403.2 2020/06/10/16:25:36 10013
100 28503.2 2020/06/10/16:31:07 10013
100 28603.2 2020/06/10/16:37:40 10021
100 28703.2 2020/06/10/16:43:43 10022
100 28803.2 2020/06/10/16:44:45 10023
100 28903.2 2020/06/10/16:48:28 10023
100 29003.2 2020/06/10/16:50:46 10024
100 29103.2 2020/06/10/16:52:31 10025
100 29203.2 2020/06/10/16:53:37 10025
100 29303.2 2020/06/10/16:54:35 10031
100 29403.2 2020/06/10/16:55:40 10032
100 29503.2 2020/06/10/16:56:39 10015
100 29603.2 2020/06/10/16:57:47 10014
100 29703.2 2020/06/10/16:58:41 10033
100 29803.2 2020/06/10/16:59:30 10034
100 29903.2 2020/06/10/17:00:39 10035
