1
10025
4

10001
王一
6
2

4
10002
王二
6
2

4
10003
王三
6
2

4
10004
王四
6
2

4
10005
王五
6
2

4
10021
陈一
6
2

4
10022
陈二
6
2

4
10023
陈三
6
2

4
10024
陈四
6
2

4
10025
陈五
6
2

4
10031
司马一
6
2

4
10032
司马二
6
2

4
10033
司马三
6
2

4
10034
司马四
6
2

4
10035
司马五
6
2

4
10011
张一
6
2

4
10012
张二
6
2

4
10013
张三
6
2

4
10014
张四
6
2

4
10015
张五
6
2

7

1
10023
4

10001
王一
6
2

4
10002
王二
6
2

4
10003
王三
6
2

4
10004
王四
6
2

4
10005
王五
6
2

4
10021
陈一
6
2

4
10022
陈二
6
2

4
10023
陈三
6
2

4
10024
陈四
6
2

4
10025
陈五
6
2

4
10031
司马一
6
2

4
10032
司马二
6
2

4
10033
司马三
6
2

4
10034
司马四
6
2

4
10035
司马五
6
2

4
10011
张一
6
2

4
10012
张二
6
2

4
10013
张三
6
2

4
10014
张四
6
2

4
10015
张五
6
2

7

1
10021
4

10001
王一
6
2

4
10002
王二
6
2

4
10003
王三
6
2

4
10004
王四
6
2

4
10005
王五
6
2

4
10021
陈一
6
2

4
10022
陈二
6
2

4
10023
陈三
6
2

4
10024
陈四
6
2

4
10025
陈五
6
2

4
10031
司马一
6
2

4
10032
司马二
6
2

4
10033
司马三
6
2

4
10034
司马四
6
2

4
10035
司马五
6
2

4
10011
张一
6
2

4
10012
张二
6
2

4
10013
张三
6
2

4
10014
张四
6
2

4
10015
张五
6
2

7

1
10022
4

10001
王一
6
2

4
10002
王二
6
2

4
10003
王三
6
2

4
10004
王四
6
2

4
10005
王五
6
2

4
10021
陈一
6
2

4
10022
陈二
6
2

4
10023
陈三
6
2

4
10024
陈四
6
2

4
10025
陈五
6
2

4
10031
司马一
6
2

4
10032
司马二
6
2

4
10033
司马三
6
2

4
10034
司马四
6
2

4
10035
司马五
6
2

4
10011
张一
6
2

4
10012
张二
6
2

4
10013
张三
6
2

4
10014
张四
6
2

4
10015
张五
6
2

7

1
10024
4

10001
王一
6
2

4
10002
王二
6
2

4
10003
王三
6
2

4
10004
王四
6
2

4
10005
王五
6
2

4
10021
陈一
6
2

4
10022
陈二
6
2

4
10023
陈三
6
2

4
10024
陈四
6
2

4
10025
陈五
6
2

4
10031
司马一
6
2

4
10032
司马二
6
2

4
10033
司马三
6
2

4
10034
司马四
6
2

4
10035
司马五
6
2

4
10011
张一
6
2

4
10012
张二
6
2

4
10013
张三
6
2

4
10014
张四
6
2

4
10015
张五
6
2

7

3
